300
26
35
4 35 34 27 15 35 27 32 26 29 31 35 23 24 15 7 31 15 5 4 13 29 34 2 18 14
28
36
25 8 18 34 17 3 29 4 30 18 2 11 15 14 29 4 20 4 6 12 17 23 22 29 25 7 8 19
22
12
8 8 3 4 9 7 11 9 9 10 5 6 5 5 3 2 11 8 10 4 11 8
15
30
13 29 23 13 24 19 3 16 3 27 15 4 8 11 3
21
27
12 2 6 15 2 27 2 4 16 22 15 14 14 2 11 2 12 26 6 16 19
16
33
15 28 24 29 10 10 5 19 16 33 21 19 26 26 30 5
14
21
14 17 18 10 15 18 3 6 14 7 10 13 19 11
29
30
13 29 13 4 15 6 13 21 17 16 28 24 28 9 5 9 27 7 26 8 8 18 25 12 27 8 8 17 2
13
38
2 10 21 7 13 6 24 29 16 34 17 13 25
12
27
7 4 10 21 18 14 2 24 26 6 25 27
13
40
4 15 15 9 29 23 33 20 25 26 8 8 18
24
49
14 10 17 42 19 17 13 7 26 41 11 32 26 19 18 4 3 46 12 41 40 37 19 16
20
41
34 27 27 8 36 36 30 26 8 32 27 31 38 12 23 17 10 17 40 38
27
33
19 20 8 33 8 9 22 12 9 22 26 10 7 19 18 26 7 29 23 24 30 22 4 9 14 17 18
15
10
4 9 9 2 10 5 5 2 6 3 4 2 4 3 8
24
29
21 10 13 10 25 26 21 12 9 26 15 7 4 19 25 18 27 5 26 19 6 21 17 9
11
12
10 9 4 7 5 11 10 2 3 9 4
30
29
24 23 23 26 11 17 26 28 14 4 4 23 6 4 2 21 10 14 29 4 11 25 28 23 29 20 7 2 8 17
14
47
8 16 35 8 10 22 46 35 11 15 20 46 11 2
27
10
8 10 9 5 10 2 2 7 10 3 8 9 9 10 9 7 5 10 2 5 8 6 8 2 7 8 2
18
46
35 23 38 17 3 29 30 27 46 9 21 31 26 42 36 12 12 16
11
27
15 12 25 27 5 24 17 5 21 20 16
11
29
12 27 11 10 25 21 10 22 2 21 9
12
27
20 17 17 3 19 4 8 18 10 10 23 18
17
35
18 27 18 22 17 29 4 21 25 4 28 16 13 28 24 13 21
25
21
8 18 6 14 9 15 6 14 18 4 21 9 12 9 16 20 21 14 9 11 13 5 3 14 10
24
42
38 11 35 7 12 29 2 29 27 37 42 41 26 20 35 21 42 8 2 25 5 21 22 31
18
39
35 14 11 31 29 26 14 38 38 17 3 5 19 16 37 17 14 15
27
29
20 4 24 4 15 16 12 13 3 8 6 21 7 17 4 3 2 5 5 13 5 10 11 26 18 15 22
26
35
29 8 11 15 19 14 32 3 18 23 8 15 20 5 10 8 26 35 9 22 23 31 35 12 18 11
27
35
22 33 31 29 9 35 8 6 11 12 23 34 21 10 15 15 18 8 35 26 15 33 21 11 17 18 14
26
42
22 42 24 41 11 31 9 6 20 13 26 16 18 18 18 24 26 2 7 33 5 38 30 30 4 18
13
16
15 16 10 13 3 2 4 9 3 8 15 4 7
20
19
5 15 8 15 11 14 3 16 19 2 4 18 12 10 9 5 6 13 14 8
14
45
13 8 8 33 24 28 28 15 10 35 22 41 36 32
21
50
36 10 6 35 23 4 43 44 16 28 23 15 49 36 21 42 27 39 10 8 10
26
25
4 9 8 5 16 13 25 9 25 17 21 16 12 10 12 15 14 21 18 17 9 5 9 10 3 24
21
24
10 11 20 9 21 10 7 23 19 2 15 8 12 13 2 15 14 17 5 22 21
21
34
15 22 21 22 12 2 16 2 6 31 28 6 9 29 22 21 9 2 28 2 24
10
45
2 14 18 40 26 34 31 28 19 41
11
33
10 29 28 20 27 9 22 26 23 11 9
25
29
14 29 5 19 22 26 19 12 26 14 9 4 19 3 29 24 17 19 21 22 15 15 14 8 4
17
22
10 7 3 3 17 18 14 4 20 8 17 2 3 20 20 15 6
16
31
18 4 11 23 16 22 19 10 11 13 26 3 28 13 11 25
19
34
9 7 33 19 11 23 6 9 21 6 25 2 17 29 17 20 14 22 26
15
32
20 7 13 10 28 4 19 32 16 6 31 8 24 8 11
13
19
12 16 8 15 7 13 8 18 14 18 8 3 13
16
18
16 2 16 6 3 18 14 17 5 17 9 5 2 6 7 15
18
34
7 8 34 26 31 12 32 11 15 18 32 27 33 34 20 33 22 33
11
17
2 16 16 2 8 8 10 16 14 5 5
25
47
16 15 6 13 35 26 38 46 41 5 15 20 30 16 8 12 22 44 18 11 33 47 47 32 16
25
14
3 11 3 5 8 8 7 10 10 12 12 3 3 13 6 9 13 11 10 7 3 14 2 5 12
16
41
27 24 11 14 7 39 17 2 11 32 25 41 3 22 39 24
21
50
43 15 27 36 27 7 32 25 7 3 21 33 30 19 2 8 26 24 11 2 46
26
32
31 17 5 20 2 11 22 16 5 15 16 24 24 30 30 7 15 8 8 32 21 15 22 26 23 16
27
30
26 8 4 29 22 10 18 18 26 23 19 29 16 3 12 13 18 23 5 13 28 8 29 6 8 26 4
28
39
27 13 10 10 36 11 34 4 31 39 32 39 22 37 5 6 35 31 10 39 2 33 4 3 16 23 23 10
24
20
9 8 16 20 5 3 18 7 7 2 12 20 15 18 8 12 8 13 11 18 9 14 5 20
26
11
2 6 7 4 11 7 8 4 3 3 8 3 2 8 6 3 7 7 11 4 10 8 6 2 3 8
21
27
27 14 15 25 21 6 2 13 24 26 26 18 20 9 25 14 7 11 16 8 10
13
46
17 7 44 11 16 22 12 35 29 2 16 24 14
29
21
10 15 18 17 18 3 7 19 13 4 8 12 12 8 14 10 18 9 9 2 14 7 12 19 19 21 7 10 14
29
24
2 21 16 24 8 3 8 3 17 19 16 11 6 19 6 7 14 13 5 11 9 20 12 2 23 16 2 10 8
30
25
10 19 7 11 9 11 6 2 20 23 2 13 25 14 13 17 5 2 9 13 12 4 4 9 16 14 11 20 25 22
28
34
32 18 27 24 2 22 20 16 19 11 19 7 17 25 12 7 22 6 24 32 25 8 13 18 10 25 15 33
23
14
8 3 10 4 13 3 7 5 5 11 12 8 11 10 7 11 3 7 3 7 4 4 12
22
14
9 6 14 2 7 6 3 3 4 6 13 8 8 5 6 6 2 7 11 8 7 6
15
13
6 11 5 7 11 4 3 9 7 7 11 6 8 12 4
13
16
2 4 2 7 8 10 15 3 12 7 9 7 15
18
40
26 20 22 24 30 13 36 39 5 31 27 10 11 2 10 6 26 5
17
42
29 11 38 34 20 6 35 32 4 19 42 22 5 6 10 26 10
18
47
35 42 6 5 37 37 24 9 3 26 15 31 41 31 34 43 14 17
28
46
22 44 31 24 10 21 43 36 29 6 42 5 24 42 30 24 9 34 45 41 41 17 37 10 45 4 42 35
26
12
5 8 6 2 6 4 7 3 2 9 5 6 11 12 11 8 8 7 7 12 8 9 9 11 2 7
15
24
7 11 12 3 4 18 3 18 6 2 16 6 3 11 14
14
30
26 22 14 14 14 5 12 27 27 6 16 11 25 6
26
25
7 12 7 11 23 15 13 14 2 4 22 11 18 20 6 12 11 24 8 3 2 16 9 7 17 10
10
38
30 29 22 16 28 5 22 34 2 23
19
47
41 27 22 32 9 10 10 21 47 26 38 25 27 9 41 10 5 2 13
23
32
3 6 15 14 15 26 19 8 13 14 14 10 10 11 29 10 21 11 13 24 25 18 19
11
13
11 2 3 2 13 9 5 13 6 3 8
27
12
12 5 2 12 4 8 5 4 6 10 9 3 3 5 11 12 10 8 2 7 7 8 12 2 12 9 6
29
50
36 34 29 16 27 8 36 3 45 33 22 42 36 19 33 50 4 34 36 17 49 7 31 44 39 33 15 25 8
25
34
12 31 34 28 10 5 24 27 8 7 18 29 11 14 3 26 10 8 11 16 13 8 12 31 14
15
23
11 21 20 10 12 13 21 17 19 12 12 12 9 17 15
15
20
8 19 8 2 5 3 14 19 2 10 13 10 18 2 19
26
37
37 24 25 12 29 25 5 26 18 6 27 9 28 26 29 34 15 8 5 25 6 14 27 32 5 13
26
49
13 29 30 16 16 4 40 18 41 41 3 47 33 48 15 46 12 22 43 40 14 42 19 31 46 29
10
42
10 29 6 21 4 18 24 19 13 28
13
31
18 23 9 7 17 21 4 7 3 9 22 28 9
19
31
27 11 25 2 29 28 20 5 24 23 7 18 12 23 2 3 19 22 8
25
44
24 24 37 15 37 23 6 14 27 31 40 10 7 44 10 35 9 13 12 41 19 24 10 43 17
13
34
20 4 10 5 4 16 14 3 6 31 3 25 22
21
21
14 11 21 3 12 5 10 20 4 11 19 14 9 15 8 2 18 11 17 6 13
12
21
15 21 8 20 18 21 20 8 12 8 3 17
23
12
3 5 12 5 7 11 4 12 2 8 4 3 9 4 7 7 3 10 7 2 8 3 5
23
45
40 11 17 7 11 9 34 19 37 12 4 13 28 43 18 2 11 34 22 14 42 24 33
30
35
35 6 34 31 11 16 26 33 19 17 7 2 15 8 19 35 33 12 5 9 34 5 19 25 19 10 11 27 32 3
25
24
4 20 18 7 5 8 2 6 19 5 10 6 11 18 21 9 8 23 7 22 3 5 19 10 21
15
45
13 11 38 18 20 29 19 33 2 16 24 27 23 37 10
21
49
28 48 2 6 12 3 5 49 32 32 48 24 40 28 36 43 43 24 6 46 10
20
23
20 18 11 6 8 5 20 5 15 6 22 14 13 2 15 8 15 2 22 9
14
48
7 12 37 15 11 27 12 10 11 18 10 4 10 28
20
14
13 11 7 11 9 13 4 12 13 4 11 8 12 7 14 5 4 9 11 7
28
23
16 5 7 11 11 20 17 17 14 20 23 5 20 7 8 8 19 10 9 17 18 17 17 12 18 4 21 4
16
50
40 34 48 34 32 35 11 18 8 38 32 12 26 13 29 8
20
18
13 16 9 12 2 16 17 7 17 12 17 7 7 11 16 17 3 12 7 17
26
40
19 25 6 23 19 34 13 4 39 11 33 18 18 12 15 30 14 29 33 15 21 19 17 19 13 21
15
10
2 5 2 5 6 5 2 9 6 8 10 4 9 3 9
24
10
6 2 7 7 9 4 7 10 7 4 5 10 4 10 3 3 8 6 10 3 8 3 7 8
21
27
12 17 25 27 3 3 14 18 9 4 18 8 4 27 6 22 18 4 18 7 14
15
29
23 14 22 17 29 16 3 17 8 5 17 24 9 17 14
25
31
13 26 19 30 21 3 27 18 6 31 10 11 2 17 28 2 16 28 6 17 7 19 31 23 23
20
13
10 5 13 8 9 11 12 2 8 6 8 5 7 10 13 9 4 8 7 8
28
15
15 13 6 3 9 3 3 5 2 8 11 11 6 10 14 15 3 5 12 3 8 4 10 15 15 3 3 3
16
47
32 39 18 18 34 3 3 37 17 4 21 2 34 40 2 14
30
20
9 16 12 3 12 2 12 7 19 7 6 19 9 8 11 8 20 11 6 20 18 2 5 17 15 5 7 6 6 4
15
21
11 12 8 21 19 6 2 3 15 12 15 2 20 18 18
10
49
26 37 13 32 34 24 9 3 38 31
25
34
26 2 18 3 32 28 5 10 31 25 7 6 3 7 7 25 26 7 27 16 2 13 15 27 33
29
27
26 16 6 9 15 3 9 23 10 5 11 11 14 16 15 26 3 23 24 13 5 26 17 22 14 13 10 15 19
12
28
7 19 28 18 26 9 11 23 21 15 14 16
29
16
8 9 10 2 13 11 13 11 10 6 5 12 6 2 7 3 13 15 12 16 5 13 5 8 13 16 11 15 13
26
26
12 21 13 18 23 16 11 2 15 21 20 25 14 6 25 16 18 22 9 16 8 8 22 8 19 4
28
50
34 50 28 26 46 11 47 48 22 33 32 44 45 16 9 28 43 28 20 28 45 9 5 16 11 34 47 33
11
33
26 12 23 20 19 33 24 12 3 18 33
18
17
5 12 11 6 11 9 8 5 5 12 11 3 15 7 8 2 12 12
28
21
2 14 13 9 14 17 16 2 18 14 13 3 19 3 14 11 7 13 3 19 13 18 17 3 20 15 2 12
26
35
10 16 14 4 27 21 32 6 17 6 17 2 26 2 14 28 8 19 22 31 30 21 7 7 17 26
18
22
18 14 14 17 21 22 12 3 16 7 17 4 22 3 16 14 10 16
29
44
41 27 32 28 37 41 22 41 12 29 30 29 40 32 5 29 5 39 37 44 9 4 38 18 43 22 43 10 19
20
31
15 29 4 14 17 14 12 29 28 8 20 10 30 30 23 17 26 31 7 12
26
25
19 8 7 12 9 19 13 20 17 19 25 24 25 19 18 6 2 21 11 8 8 15 10 5 12 5
24
36
35 16 20 27 17 30 32 25 14 32 2 30 2 11 9 8 3 36 29 19 29 9 29 36
24
10
8 5 9 5 7 8 5 10 2 8 8 4 9 3 7 9 7 5 8 9 3 7 6 5
26
31
9 24 11 9 8 30 30 22 21 29 29 7 18 31 28 20 7 20 22 9 18 27 15 23 19 5
15
43
20 5 17 23 39 31 39 39 4 42 39 4 5 20 19
18
46
13 10 19 22 24 3 46 15 6 27 42 33 31 45 36 19 15 31
13
34
12 26 3 28 21 10 28 31 30 3 2 3 3
15
18
8 2 18 3 9 5 3 14 2 14 11 11 2 8 17
27
11
4 6 4 11 6 2 3 11 11 7 11 11 6 8 7 3 6 6 4 11 9 5 5 4 9 7 10
11
17
3 6 9 10 12 17 17 16 5 8 15
27
32
15 18 32 19 2 11 17 32 29 27 20 23 12 26 18 30 22 8 2 11 25 17 18 15 28 10 22
11
41
24 26 11 29 37 23 31 16 4 15 26
24
37
16 20 15 26 29 19 19 36 5 9 19 11 29 37 8 23 3 35 19 10 5 3 12 29
12
45
34 45 34 4 35 26 31 38 2 26 26 16
28
44
38 25 43 30 39 38 4 29 30 8 24 5 36 12 39 12 35 9 31 21 18 18 42 17 34 25 26 18
10
25
3 10 23 4 10 13 13 21 13 16
13
25
11 2 25 18 20 5 7 14 10 21 13 23 20
21
20
9 4 20 13 3 16 17 7 15 2 6 11 7 5 9 15 15 19 6 18 2
21
50
47 11 48 36 10 23 42 18 38 28 46 17 11 13 47 43 31 11 27 7 38
22
41
24 5 30 40 27 14 18 11 38 35 17 12 38 24 4 5 7 6 27 37 19 34
24
50
38 24 44 13 35 21 17 14 8 26 21 42 19 6 39 6 18 15 16 13 12 40 23 28
22
25
18 16 4 7 2 14 5 15 3 10 10 24 23 19 4 13 2 16 25 8 22 22
13
14
7 8 12 10 12 9 8 10 10 14 12 10 7
30
25
12 25 17 23 9 4 10 7 25 4 10 10 2 4 22 11 23 13 14 16 21 7 6 18 5 25 5 15 23 21
23
35
18 19 22 25 27 35 22 23 10 33 9 35 10 24 34 7 6 12 20 26 12 33 27
22
36
33 11 17 2 35 36 5 12 14 30 33 12 21 33 16 22 13 24 35 17 30 21
15
18
6 4 16 10 7 10 13 14 15 14 11 17 6 6 12
19
12
11 2 8 7 9 4 6 2 10 9 6 2 5 8 8 6 10 9 6
15
15
2 8 9 5 6 13 15 12 10 7 5 5 11 13 11
20
14
5 14 10 7 10 8 2 6 7 3 13 4 12 8 12 6 10 13 12 14
13
19
14 3 14 14 16 19 16 7 2 8 3 17 13
28
31
29 4 10 16 4 3 12 18 7 22 23 21 24 27 31 5 12 14 31 25 21 2 4 9 26 27 16 29
26
38
38 19 3 21 33 22 19 31 26 20 8 38 33 34 3 18 11 14 19 13 17 31 16 10 17 18
25
43
11 38 4 14 28 34 29 13 38 40 16 36 26 19 39 24 20 30 2 25 19 23 11 12 27
27
23
15 10 19 9 15 18 13 12 17 16 2 3 17 22 3 20 4 10 2 16 21 13 12 2 5 11 10
30
28
25 23 4 26 4 28 3 18 12 11 12 13 3 22 14 11 13 17 15 9 11 18 21 22 6 26 14 19 15 5
23
11
7 10 8 6 9 9 7 7 6 7 10 6 4 11 2 9 10 11 9 3 9 6 4
16
47
47 38 15 36 16 9 17 29 7 17 46 11 8 13 33 44
29
27
2 8 21 16 13 8 5 25 21 9 2 3 27 26 16 10 5 23 5 16 20 3 2 18 4 25 2 11 17
30
26
7 7 20 21 17 16 16 25 5 3 8 20 9 10 7 10 23 11 4 15 12 20 16 13 23 9 15 20 3 21
21
25
24 24 21 24 5 17 9 6 23 16 16 22 5 11 4 18 23 6 3 7 6
13
49
8 30 2 22 39 12 41 24 25 8 41 12 40
13
32
12 10 4 16 9 12 5 13 6 15 10 3 17
21
15
11 12 4 3 5 7 15 4 3 3 10 12 2 15 9 3 11 6 3 10 12
11
47
2 10 24 47 24 27 24 38 20 19 4
18
31
16 29 15 15 29 10 19 10 24 20 19 7 6 20 18 22 25 20
21
31
29 11 22 6 6 23 18 15 8 18 3 9 16 3 17 29 24 22 19 8 23
24
14
10 7 6 7 3 13 2 14 3 10 5 7 8 11 4 7 3 9 8 13 5 7 12 12
14
21
19 6 8 20 4 11 12 20 21 16 14 21 21 13
30
12
12 4 9 3 10 7 9 7 11 11 9 3 12 6 5 11 12 7 11 2 6 11 12 2 8 2 11 5 6 5
17
32
16 6 5 15 18 23 28 32 4 4 13 31 24 32 27 9 20
17
50
4 15 34 13 10 47 3 43 31 26 9 27 16 15 15 46 47
19
33
27 16 10 26 5 28 28 18 33 4 16 24 29 11 2 8 27 8 9
14
32
26 9 16 21 30 5 17 15 23 20 7 23 32 26
22
13
8 12 9 8 8 12 9 13 3 12 13 11 10 8 11 6 4 4 8 12 10 2
30
15
10 7 15 15 11 15 2 7 14 15 3 9 3 10 14 10 13 9 12 14 9 13 4 10 14 2 12 4 7 6
28
22
20 4 3 11 11 12 6 12 17 11 13 12 15 6 12 8 6 19 9 19 10 12 16 20 9 6 15 13
23
12
9 6 8 11 5 8 8 11 2 11 2 3 8 7 12 10 9 3 7 11 10 10 9
27
26
12 7 17 13 2 9 13 2 18 21 22 4 16 3 17 3 2 2 18 6 4 23 5 17 7 18 19
23
18
3 12 18 11 12 16 15 11 15 8 9 14 5 11 11 5 12 3 15 15 7 11 15
20
39
25 2 7 12 27 39 22 17 34 34 28 6 6 34 26 35 26 17 15 12
22
21
15 4 20 3 9 20 19 15 17 6 18 8 8 9 10 16 8 13 8 9 5 14
10
35
8 8 27 32 15 2 2 6 14 24
20
42
28 28 6 15 4 4 40 5 15 33 31 33 10 29 20 31 11 21 11 36
16
17
4 14 7 10 17 6 8 10 4 16 7 14 5 14 14 17
18
44
18 34 37 2 34 2 26 11 43 41 37 19 11 3 19 15 4 29
16
35
19 7 22 27 4 18 5 16 2 34 20 14 15 32 7 5
14
16
12 11 4 6 10 4 14 11 5 7 14 11 16 13
26
29
19 22 28 24 24 10 16 12 14 4 12 15 26 29 19 8 13 3 16 28 8 21 27 24 25 16
30
37
11 13 7 37 32 5 5 11 32 11 19 22 21 23 30 35 9 25 32 30 2 4 3 32 8 31 22 8 5 25
13
26
25 2 2 20 23 2 23 24 3 24 4 25 15
18
47
35 46 25 39 30 29 45 13 8 46 8 27 34 16 11 14 29 22
21
23
7 19 12 4 7 16 18 11 6 7 22 15 10 22 9 17 23 5 20 5 21
28
26
6 8 24 26 14 6 12 13 3 2 19 22 23 9 17 17 19 6 8 11 23 17 10 22 2 4 16 11
17
20
7 16 6 14 2 13 10 16 19 15 20 11 17 11 17 8 12
25
37
32 34 4 25 21 32 31 4 6 15 6 3 6 19 18 26 12 2 3 31 10 10 7 36 13
13
22
4 3 2 14 12 14 3 4 9 4 5 3 3
17
47
46 11 8 16 31 43 31 24 34 29 16 39 25 24 12 19 29
29
33
7 7 4 14 25 33 15 22 17 10 23 32 33 17 15 6 12 2 19 32 8 22 33 9 30 28 33 26 31
21
18
17 7 2 3 3 15 2 7 10 18 14 18 15 13 15 16 13 4 7 15 18
12
11
11 10 7 6 11 11 10 10 11 3 11 11
14
20
17 18 11 6 11 12 12 2 20 4 13 4 15 5
30
20
17 15 3 3 16 2 6 2 12 18 4 7 14 12 12 9 20 19 6 11 4 4 13 3 15 15 6 19 14 15
11
48
14 25 46 43 29 36 33 46 20 14 37
14
39
35 37 37 28 25 13 18 5 10 5 2 8 37 14
19
43
9 33 30 22 17 8 30 39 12 27 42 2 15 3 15 5 42 14 8
27
24
16 7 9 6 19 22 12 4 24 22 8 3 4 22 18 10 14 6 9 24 3 13 23 12 20 17 7
20
45
9 14 5 28 2 20 12 9 39 34 17 2 17 32 42 21 10 30 45 41
21
39
33 33 24 29 24 8 19 26 29 26 28 9 5 16 12 26 4 12 11 20 22
10
28
16 23 19 14 17 9 14 26 7 26
18
15
7 5 2 12 5 10 14 13 13 10 9 5 7 15 5 8 14 4
10
10
7 5 5 9 6 6 4 8 4 3
10
14
4 9 14 11 7 14 9 5 7 4
20
21
13 12 3 5 11 2 5 5 11 10 9 15 13 15 6 12 5 9 21 20
20
50
25 26 11 40 10 5 23 3 16 4 49 8 12 14 45 18 18 39 14 36
13
44
41 6 5 35 37 35 28 42 33 36 29 41 9
13
39
24 10 23 37 13 16 20 21 26 8 4 31 28
12
23
22 11 19 9 12 3 5 11 6 4 11 19
22
43
16 3 30 32 19 12 20 32 13 17 13 4 23 33 9 6 14 35 16 12 26 16
18
17
3 14 14 11 4 4 11 6 14 7 8 10 3 12 10 9 4 16
14
33
13 8 17 32 27 7 13 6 28 28 16 5 29 31
30
32
20 28 23 4 7 2 15 18 11 27 21 31 8 8 5 25 14 10 2 30 31 6 24 25 4 30 19 16 27 31
12
42
30 16 20 36 37 7 26 31 33 14 24 39
19
32
10 25 4 5 3 4 13 6 24 6 20 16 7 16 22 9 7 4 15
16
29
26 12 28 4 29 18 28 7 4 21 20 13 17 23 22 9
27
50
21 50 39 44 24 26 10 33 5 47 40 48 8 4 15 3 18 43 15 26 16 44 47 43 4 27 14
21
47
17 40 22 37 39 34 20 22 10 11 41 45 12 36 44 32 41 41 33 31 2
20
27
4 14 15 15 25 17 23 23 3 19 2 2 9 7 20 23 11 20 2 18
16
36
30 30 10 22 28 29 8 10 16 25 23 6 10 3 12 2
18
50
34 17 36 9 47 17 40 38 45 10 49 49 43 30 4 18 14 40
15
31
4 9 9 22 27 21 9 31 29 16 24 15 26 5 17
27
43
9 8 36 4 32 29 23 38 37 4 43 9 17 24 7 43 28 20 14 6 33 30 18 40 40 20 43
16
41
5 26 32 20 22 13 31 38 23 27 16 27 4 21 30 41
10
30
2 10 4 20 8 26 4 15 7 13
18
22
17 20 11 14 14 19 21 3 19 16 8 3 9 3 22 20 5 2
15
22
18 17 21 21 22 2 18 4 20 11 7 3 21 3 13
15
50
48 9 40 21 48 23 14 33 18 27 42 21 21 46 25
15
37
8 2 24 16 29 5 7 17 28 18 9 19 21 19 28
28
42
2 28 36 12 33 6 42 22 17 28 7 38 10 30 36 30 8 38 32 37 5 20 34 39 7 3 3 41
19
22
12 22 11 8 22 9 18 14 11 15 15 7 9 3 14 21 6 16 9
13
20
10 15 9 13 15 15 17 19 6 6 18 15 13
25
48
34 38 22 30 35 36 21 5 4 41 39 48 48 17 13 16 32 33 10 23 27 38 48 6 19
16
32
22 21 18 31 2 25 14 20 21 3 2 28 19 28 6 15
30
45
3 32 9 42 4 33 4 38 34 34 8 11 33 18 45 27 6 40 12 39 6 40 37 8 21 31 24 40 23 19
21
30
18 7 19 14 15 28 28 26 9 14 21 5 5 17 13 2 22 15 10 13 14
14
31
29 28 17 12 6 9 27 31 23 9 15 2 29 12
10
23
2 22 22 19 5 13 11 4 21 18
25
34
21 16 24 20 26 27 30 15 2 19 10 25 8 18 24 15 7 26 28 24 22 7 26 34 26
17
19
6 4 6 10 11 12 15 4 11 9 8 18 3 4 8 11 10
26
10
9 6 3 4 9 7 9 3 4 10 2 9 3 4 9 9 3 5 2 5 9 4 5 4 2 6
15
27
26 5 20 11 17 23 27 23 19 16 6 2 5 16 19
26
16
5 3 9 4 7 10 4 7 3 14 9 3 15 12 8 9 7 10 6 4 7 6 2 8 2 7
29
39
25 3 5 32 23 11 19 16 4 6 14 25 11 4 39 26 21 33 29 30 5 11 16 21 3 21 38 4 34
21
36
31 4 14 26 3 19 2 3 29 25 35 20 18 22 18 24 10 4 27 34 15
22
18
12 16 16 12 8 10 6 11 12 7 16 15 8 16 11 6 16 18 18 6 4 11
13
50
25 22 48 49 46 34 43 9 4 36 3 12 32
10
35
31 11 31 24 18 15 8 21 32 29
14
13
9 8 13 7 8 12 4 9 12 6 13 9 10 4
29
50
14 2 3 45 39 23 16 6 40 7 34 12 3 33 25 31 29 38 30 15 23 7 41 50 33 48 7 39 46
24
20
20 11 3 17 7 5 6 5 9 5 13 8 7 12 5 18 14 16 12 17 5 18 3 15
20
12
8 3 3 9 4 7 8 7 7 9 8 9 7 11 4 12 11 3 12 10
10
33
18 9 26 28 9 4 14 11 4 30
12
21
17 14 20 19 4 7 5 14 16 6 14 21
23
34
20 10 14 21 30 7 7 14 10 10 30 28 13 22 16 12 14 16 9 9 22 10 22
13
46
42 33 8 3 3 22 16 7 45 4 2 44 14
22
46
6 23 11 34 8 22 7 30 39 7 21 12 4 20 23 19 33 3 45 34 18 23
22
34
23 17 22 24 34 9 30 32 14 2 14 32 6 7 8 34 32 7 14 20 18 28
23
16
13 15 12 2 3 13 8 6 8 11 13 13 2 14 13 6 14 12 2 12 12 13 5
13
29
9 10 29 17 26 22 23 18 2 2 19 13 6
22
11
6 7 2 4 3 6 6 4 9 8 9 3 2 7 2 10 10 4 2 5 11 7
17
44
7 32 17 21 29 33 17 15 27 7 6 38 7 28 36 36 40
24
23
22 8 8 17 18 22 7 20 16 13 19 12 5 5 3 17 13 4 3 22 19 22 7 22
17
29
11 2 23 13 18 19 2 17 9 16 2 17 4 25 2 7 25
26
50
34 31 31 11 13 24 41 42 26 38 5 10 41 44 45 30 43 37 5 11 30 27 39 40 40 34
23
16
5 12 9 13 10 8 13 16 13 11 15 14 9 15 12 11 7 12 14 2 16 14 11
28
34
26 28 33 29 30 29 24 30 22 22 26 21 7 33 7 32 7 17 30 8 15 8 3 19 20 23 13 22
16
17
4 16 14 8 2 11 13 3 5 11 14 4 9 4 2 14
20
36
21 10 35 9 13 11 29 23 32 9 22 4 26 2 3 13 20 21 13 24
18
34
18 23 13 33 20 4 25 7 15 25 14 7 11 32 32 24 9 26
14
15
6 10 15 2 7 5 7 13 9 3 11 12 9 8
11
21
14 6 21 20 7 14 11 7 13 5 16
23
17
7 13 15 3 11 3 4 12 10 15 4 11 6 2 11 6 8 7 5 6 13 5 5
23
24
20 7 7 2 8 3 10 5 6 18 12 4 10 7 13 21 4 5 3 15 4 3 6
28
10
10 3 7 3 10 9 8 9 7 4 5 6 10 8 9 5 5 4 10 3 6 7 4 5 6 2 3 3
19
34
23 12 10 17 34 22 23 10 7 3 16 23 6 15 11 25 3 33 22
17
47
9 21 25 25 15 38 40 37 20 10 4 2 45 37 32 31 17
17
10
9 4 8 5 4 8 2 7 2 8 5 2 7 8 7 7 7
25
44
25 35 2 9 3 35 17 29 21 14 30 10 37 10 9 27 18 35 15 26 27 29 16 35 4
